86.954002380371	1	25	41194	1480750701	0	a6dbb33f	2714871543	这个是誰，哪部番的
11.60000038147	1	25	11890	1480753687	0	df6a092b	2715025703	阿绫阿绫阿绫！！默默抱走
149.12600708008	5	25	16711680	1480760136	0	0800a909	2715378047	歌词很容易让人浮想联翩
102.31199645996	5	25	16711680	1480763775	0	58a595c5	2715614233	字幕君牛B！！！
159.49600219727	1	25	16777215	1480765358	0	32731bff	2715727805	空耳好评，我汉语博大精深啊
165.1609954834	1	25	16777215	1480773893	0	c1c460a7	2716351477	诸位拔刀吧
169.28199768066	5	25	16777215	1480775439	0	391931a2	2716467697	妈妈，她撩我，我把她娶回来了
154.53799438477	1	25	16777215	1480784824	0	dd807eaf	2717061397	空耳六
165.68200683594	1	25	16777215	1480809863	0	431390f8	2717420555	额
197.25100708008	1	25	16777215	1480812191	0	264cc9b8	2717468499	橙字嫁我
49.064998626709	1	25	14811775	1480814245	0	9c7b77ea	2717525863	合影
73.085998535156	5	25	14811775	1480814333	0	9c7b77ea	2717528617	≧ω≦
145.10600280762	5	25	16707842	1480817523	0	c6e39cde	2717651041	腿玩年
147.88000488281	5	25	16707842	1480817549	0	c6e39cde	2717652095	这腿贼性感
155.00500488281	5	25	16707842	1480817569	0	c6e39cde	2717653077	腿玩年
71.342002868652	1	25	16777215	1480825210	0	7eaa256c	2718061239	瞧瞧瞧瞧
88.093002319336	1	25	15138834	1480828125	0	c363f53e	2718248721	啊啊啊????，好美啊
193.36799621582	5	25	3355647	1480828431	0	9c167be5	2718269141	橙字厉害
101.37699890137	4	25	14811775	1480834151	0	12584a12	2718637657	啦啦啦啦
36.707000732422	1	25	16777215	1480840976	0	9784728d	2719032257	这毒有毒
133.45199584961	1	25	16777215	1480850032	0	1395a0a2	2719629939	233333333333
23.978000640869	5	25	16777215	1480860495	0	2e41347c	2720277003	真正的阿绫可不长这样，你们确定你们喜欢❓
4.2059998512268	1	25	16777215	1479210896	0	6f429ca2	2664302361	看腿的都是二货
147.0590057373	1	25	16777215	1479213071	0	f4676f3d	2664411435	前方高能
87.345001220703	1	25	16777215	1479213648	0	df0d3ee4	2664439831	撒旦
87.345001220703	1	25	16777215	1479213663	0	df0d3ee4	2664440521	舍得交
95.013000488281	1	25	16777215	1479213680	0	df0d3ee4	2664441355	sd
214.61399841309	5	25	15138834	1479217184	0	6513bc4f	2664619205	诸位开头见
71.470001220703	5	25	16777011	1479218876	0	965ceb2b	2664710239	无耻石更
3.9340000152588	1	25	16777215	1479219155	0	f498cf1e	2664725581	23232
22.430999755859	1	25	16777215	1479221230	0	74871709	2664840467	200w助攻
22.41900062561	1	25	15138834	1479221926	0	33775073	2664879067	不要盯着我老婆的腿看
153.19700622559	5	25	16711680	1479242224	0	96424a8c	2665317831	御绫军在此
11.284000396729	5	25	16711680	1479242296	0	96424a8c	2665318209	御军
64.335998535156	5	25	16711680	1479242349	0	96424a8c	2665318467	御绫军参上，诸君拔剑吧
36.002998352051	1	25	16711680	1479271149	0	a4782e12	2665699059	日常洗脑qwq
88.686996459961	1	25	16777215	1479273705	0	4b4dc63c	2665809755	无敌弹幕
102.47899627686	1	25	16777215	1479273720	0	4b4dc63c	2665810409	八卦无敌弹幕
96.162002563477	1	25	16777215	1479274585	0	a00ebedd	2665842507	的
132.5	1	25	16777215	1479286127	0	62e7031e	2666152527	l666666666
155.39599609375	5	25	16777215	1479286182	0	62e7031e	2666154039	haotui
167.45599365234	5	25	8700107	1479286206	0	62e7031e	2666154715	rrrr
37.915000915527	1	25	16777215	1479293008	0	ca8c11b6	2666392609	屏蔽滚动弹幕之后就没什么弹幕了233
0.33799999952316	1	25	16777215	1479301779	0	fce92864	2666821517	四斋蒸鹅心奉上
103.68299865723	1	25	16777215	1479305153	0	23801f85	2667017205	我的！！！
211.28999328613	1	25	16777215	1479306096	0	bfa6dcee	2667070701	橙字空儿超神！
6.2909998893738	1	25	16707842	1479315401	0	b37c9530	2667496503	每天一遍
1.6779999732971	1	25	16777215	1479316341	0	03a4ab08	2667519821	看了比利版的之后，无论有多美我都心如止水了
77.259002685547	5	25	15138834	1479361689	0	8a127a18	2668214791	橙字破站服
163.98300170898	1	25	16777215	1479377404	0	3a2c8d49	2668681345	声音女王
153.33299255371	1	25	16777215	1479380940	0	a4782e12	2668829157	qwqqqqqqqq
188.67100524902	1	25	16711680	1479380965	0	a4782e12	2668830709	全程看腿
207.57299804688	1	25	16711680	1479380986	0	a4782e12	2668831565	阿绫我老婆不服憋着
33.638000488281	1	25	16711680	1479381036	0	a4782e12	2668834003	中毒太深没救了
144.69200134277	1	25	16711680	1479381147	0	a4782e12	2668839139	御绫军在此不得造次
165.08500671387	1	25	16711680	1479381199	0	a4782e12	2668841049	麻麻有人撩我我要娶她
211.75500488281	1	25	16711680	1479381234	0	a4782e12	2668843207	沉迷阿绫无法自拔。。。
35.858001708984	1	25	16711680	1479381283	0	a4782e12	2668845493	全程看腿
84.750999450684	1	25	16711680	1479381333	0	a4782e12	2668847647	与君共勉
79.225997924805	1	25	16711680	1479381906	0	a4782e12	2668873327	洗脑循环ing......
166.09700012207	1	25	16711680	1479381966	0	a4782e12	2668876035	麻麻她撩我我要娶她qwqqqqqqqq
42.875	5	25	16777215	1479383471	0	2c9fb96f	2668947153	合影
89.620002746582	1	25	16777215	1479389814	0	ffc0bab1	2669275567	200万助攻
8.6129999160767	1	25	14811775	1479389918	0	1174c6c4	2669281405	每天看一遍
212.27000427246	1	25	16777215	1479392240	0	68d95fcb	2669414625	努力啊，快两百万了
2.1559998989105	1	25	16777215	1479395397	0	ca52ff6b	2669602389	哈哈哈
12.5	1	25	16777215	1479399948	0	8090f5df	2669836255	200万助攻
22.062000274658	1	25	16777215	1479404292	0	6d9050c2	2669950993	居然还有3人
137.12699890137	1	25	16777215	1479404415	0	6d9050c2	2669953287	可怕的空耳
45.119998931885	1	25	16777215	1479460305	0	27e27954	2671112745	不开心来看女神跳舞，高兴啦w
100.19899749756	1	25	16777215	1479460394	0	27e27954	2671116297	你们说我的噶桑怎么不去系内呢。
12.440999984741	5	25	6737151	1479467094	0	903a3cf5	2671432311	欢迎收看（每天都有人系列）
48.046001434326	5	25	6737151	1479467145	0	903a3cf5	2671435191	。。